AO-07
1 07530U 74089B   10027.66381990 -.00000027  00000-0  10000-3 0 06918
2 07530 101.4121 048.9412 0012004 188.8786 171.2068 12.53577472610845
FO-29
1 24278U 96046B   10028.63161556 -.00000022  00000-0  10265-4 0  2325
2 24278 098.5235 236.9937 0351133 125.7991 237.6319 13.52947152664237
SO-33
1 25509U 98061B   10028.75033867  .00000325  00000-0  52359-4 0  6383
2 25509 031.4298 217.0252 0354186 150.8244 211.2850 14.28283266588103
RS-22
1 27939U 03042A   10028.57059667  .00000111  00000-0  30210-4 0  9987
2 27939 097.9133 259.8071 0014043 137.2453 222.9856 14.63376686338539
VO-52
1 28650U 05017B   10027.80464366  .00000422  00000-0  59775-4 0 04216
2 28650 097.7133 086.5844 0027346 018.2933 341.9244 14.81674687255906
SO-67
1 35870U 09049F   10028.20863755 -.00000024  00000-0  19237-5 0  3934
2 35870 097.3535 080.6678 0011569 180.8852 249.3848 15.22851255 20169
HO-68
1 36122U 09072B   10028.24111825 -.00000045  00000-0  00000 0 0  1202
2 36122 100.4904 089.9827 0007278 295.9666 064.0683 13.16279814  5806
UO-11
1 14781U 84021B   10027.71435420  .00000321  00000-0  49833-4 0  1609
2 14781 098.0768 078.8877 0008806 339.1780 020.9074 14.79764315391034
AO-16
1 20439U 90005D   10028.63915265  .00000032  00000-0  27342-4 0  8086
2 20439 098.3131 352.1787 0010250 217.7078 142.3381 14.31846569 45411
LO-19
1 20442U 90005G   10028.58952484 -.00000025  00000-0  60434-5 0  7192
2 20442 098.2741 358.5000 0011348 212.6406 147.4061 14.32079297 45572
AO-27
1 22825U 93061C   10027.79361939  .00000075  00000-0  46277-4 0  4431
2 22825 098.4698 339.5015 0007862 327.8500 032.2196 14.29285059851999
IO-26
1 22826U 93061D   10027.81411495  .00000029  00000-0  27851-4 0  1778
2 22826 098.4624 340.1776 0008441 323.1748 036.8848 14.29538956852103
GO-32
1 25397U 98043D   10027.84123431  .00000044  00000-0  37419-4 0   982
2 25397 098.3172 043.0027 0001008 004.7754 355.3420 14.23170554600088
NO-44
1 26931U 01043C   10027.72248433 -.00000000  00000-0  32221-4 0 03744
2 26931 067.0498 205.8671 0006724 265.3986 094.6353 14.29580133434674
SO-50
1 27607U 02058C   10028.55357261 -.00000013  00000-0  19758-4 0   891
2 27607 064.5580 060.6231 0040808 140.2032 220.2076 14.71493313381830
CO-55
1 27844U 03031E   10027.59184184  .00000017  00000-0  28281-4 0 07678
2 27844 098.7120 038.5732 0009287 214.0771 145.9812 14.20680137341123
CO-57
1 27848U 03031J   10028.51676322  .00000007  00000-0  23565-4 0  7180
2 27848 098.7172 038.5592 0009219 214.2185 145.8399 14.20476630341214
AO-51
1 28375U 04025K   10027.57713359  .00000009  00000-0  15331-4 0 05909
2 28375 098.0548 029.1313 0083586 163.4352 196.9603 14.40666722293268
CO-56
1 28941U 06005C   09297.68475575  .14491492  29743-5  25760-3 0  5565
2 28941 098.0955 138.9518 0011688 319.8691 040.7485 16.46998778207909
GENESAT1
1 29655U 06058C   10028.86576959  .00027706  00000-0  19741-3 0  9270
2 29655 040.0198 202.9135 0004943 011.1715 348.9213 15.73083987177926
CP3
1 31129U 07012N   10027.86578362  .00000057  00000-0  24134-4 0 04930
2 31129 097.9613 074.8180 0101448 309.4085 049.8137 14.52203425147493
CO-65
1 32785U 08021C   10027.28701970  .00000375  00000-0  54415-4 0 05893
2 32785 097.9146 094.0481 0015438 027.1276 333.0739 14.81575077094629
KKS-1
1 33493U 09002B   10028.79746189  .00000386  00000-0  56991-4 0  1594
2 33493 098.0708 147.2541 0019139 230.0463 129.9066 14.80832712 54852
SOHLA-1
1 33496U 09002E   10028.77641441  .00000069  00000-0  19916-4 0   111
2 33496 098.0467 139.7618 0005568 289.8317 070.2297 14.69465893 54403
NOAA-10
1 16969U 86073A   10028.45028057  .00000052  00000-0  39154-4 0  9350
2 16969 098.6729 058.6303 0011436 259.1069 100.8826 14.27405194215646
NOAA-11
1 19531U 88089A   10028.29547251  .00000261  00000-0  15748-3 0  9513
2 19531 098.7739 119.6915 0011451 183.4416 176.6710 14.14913933101351
NOAA-12
1 21263U 91032A   10028.54392969  .00000030  00000-0  31653-4 0  4302
2 21263 098.7700 041.6921 0011812 209.2031 150.8491 14.25613090972502
MET-3/5
1 21655U 91056A   10028.54934691  .00000051  00000-0  10000-3 0  7237
2 21655 082.5549 047.2926 0013219 343.8176 016.2587 13.17022470887292
MET-2/21
1 22782U 93055A   10027.93080697  .00000079  00000-0  58141-4 0 06834
2 22782 082.5483 003.7128 0023983 076.9470 283.4369 13.83640975828685
OKEAN-4
1 23317U 94066A   10027.75686487  .00000096  00000-0  88501-5 0 01402
2 23317 082.5421 124.9328 0021816 349.4218 010.6556 14.82759997825647
NOAA-14
1 23455U 94089A   10028.58028075 -.00000007  00000-0  19697-4 0  9258
2 23455 098.8896 110.2455 0008584 272.5967 087.4221 14.13777486777777
NOAA-15
1 25338U 98030A   10028.54808489  .00000088  00000-0  56262-4 0  2486
2 25338 098.6067 018.0657 0011417 119.1736 241.0584 14.24804476608860
RESURS
1 25394U 98043A   10028.54004980 -.00000048  00000-0 -32589-5 0  4179
2 25394 098.3170 054.1507 0000627 292.5205 067.5920 14.24192091600474
FENGYUN1
1 25730U 99025A   10027.83516200 -.00000201  00000-0 -92149-4 0 09610
2 25730 098.7749 356.5229 0023931 302.3262 057.5599 14.08166726551935
OKEAN-0
1 25860U 99039A   10027.79336215  .00000060  00000-0  16494-4 0  8989
2 25860 097.8147 005.4032 0001249 106.0037 254.1309 14.73609854566228
NOAA-16
1 26536U 00055A   10028.54392616 -.00000257  00000-0 -11380-3 0  7258
2 26536 099.1780 042.6763 0010680 013.5607 346.5851 14.12543212482116
NOAA-17
1 27453U 02032A   10028.39442257  .00000234  00000-0  11960-3 0  7329
2 27453 098.4536 084.3374 0011724 181.7136 178.4013 14.24126713394808
NOAA-18
1 28654U 05018A   10028.42685066 -.00000157  00000-0 -62215-4 0  2142
2 28654 098.9344 335.2073 0015239 087.3556 272.9349 14.11320977241728
NOAA-19
1 33591U 09005A   10028.45536404  .00000202  00000-0  13618-3 0  4213
2 33591 098.7743 333.6518 0013800 328.4631 031.5693 14.11022003 50207
HUBBLE
1 20580U 90037B   10028.21046764  .00000421  00000-0  19433-4 0  5105
2 20580 028.4700 073.5965 0003596 151.8346 208.2442 15.00884921883698
ISS
1 25544U 98067A   10028.85115464  .00013966  00000-0  93797-4 0  4657
2 25544 051.6433 226.2042 0010963 254.1893 190.1202 15.75468411641528
CO-58
1 28895U 05043F   10027.74852418 -.00000084  00000-0 -80852-5 0 04990
2 28895 098.0346 276.7189 0018230 008.2708 351.8815 14.59837824226498
FALCON
1 30776U 07006E   10027.77379882  .00000625  00000-0  48067-4 0 07649
2 30776 035.4319 176.6292 0001644 002.7907 357.2818 15.03437469158913
MAST
1 31126U 07012K   10026.62421311 -.00000050  00000-0 -63026-6 0 07877
2 31126 097.9580 075.8170 0094117 306.6537 052.6030 14.53547979147498
CAPE1
1 31130U 07012P   10027.64064426 -.00000262  00000-0 -49364-4 0  8003
2 31130 097.9585 074.4787 0102178 310.6457 048.5888 14.52126380147268
COMPASS
1 32787U 08021E   10028.32264326 -.00000056  00000-0 -33765-6 0  5817
2 32787 097.9136 094.9010 0016262 024.0090 336.1873 14.81742382 94788
AAUSAT2
1 32788U 08021F   10028.67640469  .00000528  00000-0  73337-4 0  5754
2 32788 097.9147 095.3511 0015624 025.4964 334.7088 14.81877792 94841
DO-64
1 32789U 08021G   10027.81722040  .00000759  00000-0  10236-3 0 05930
2 32789 097.9190 094.8300 0016064 025.1606 335.0387 14.81937803094711
CO-66
1 32791U 08021J   10028.66298363 -.00000099  00000-0 -57631-5 0  5710
2 32791 097.9144 095.2650 0016801 021.3098 338.8818 14.81550452 94797
RS-30
1 32953U 08025A   10027.67522514  .00000010  00000-0  00000-0 0 05121
2 32953 082.5035 117.0615 0019626 051.9282 308.3564 12.43003112076288
TACSAT-3
1 35001U 09028A   10027.93821503  .00004787  00000-0  12146-3 0 02074
2 35001 040.4568 335.5852 0022608 031.4754 328.7383 15.40117349038999
PHARMSAT
1 35002U 09028B   10028.91849546  .00003971  00000-0  99354-4 0  1936
2 35002 040.4703 328.2922 0025345 043.7333 316.5444 15.40795409 39159
HAWKSAT1
1 35003U 09028C   10027.93942732  .00008147  00000-0  18801-3 0 02027
2 35003 040.4619 332.0787 0024396 042.6117 317.6563 15.42306118039039
CP6
1 35004U 09028D   10027.92362564  .00009616  00000-0  21870-3 0 01937
2 35004 040.4625 331.9701 0024021 042.9026 317.3626 15.42607149039022
AEROCUB3
1 35005U 09028E   10028.20880361  .00017477  00000-0  38810-3 0  2016
2 35005 040.4729 330.8899 0022673 042.2065 318.0499 15.42973391 39066
DRAGNSAT
1 35690U 09038B   10028.77268253  .00088953  14421-4  21466-3 0  2145
2 35690 051.6343 211.2163 0001767 118.6834 241.4356 15.96390698 28938
POLLUX
1 35693U 09038E   10028.52202965  .00075089  00000-0  19991-3 0  2026
2 35693 051.6332 214.0884 0000484 335.4735 024.6776 15.93806409 28840
CASTOR
1 35694U 09038F   10028.52153948  .00024904  00000-0  98018-4 0  1716
2 35694 051.6366 217.9539 0002563 018.7269 341.4362 15.86114843 28791
METEOR-M
1 35865U 09049A   10028.65757868  .00000176  00000-0  10000-3 0  1138
2 35865 098.7796 083.3242 0003136 054.2388 305.9035 14.21828546 18892
RS-38
1 35869U 09049E   10028.78446769  .00000176  00000-0  10000-3 0  1164
2 35869 098.7760 083.4714 0005185 056.3372 303.7677 14.21971801 18918
